68543
962994
5242922
8801026
299715
5009101
1630299
1969888
6859570
473369
628736
938664
515220
2300237
1347493
17998260
1077166
29781449
3221437
59756300
6644939
3371973
746580
16335070
7004847
12977118
57420475
2334093
616990
1657652
38975061
19727660
16286347
11212600
11709302
38861414
10679119
4529105
3916207
9396326
1691251
30857037
1349008
7004847
876896
3734867
30335952
3333345
10518932
920535
878384
2428488
2547577
1102166
7724534
1629365
2255104
4637759
822627
6382935
7681398
2445337
4660236
43720414
12541249
33272578
3475492
3605609
5094875
4577814
32845318
8067512
5119824
4853168
523949
1587823
1130664
21330122
17329542
1221508
1802510
1786637
155980924
159022653
154370752
2752726
34999916
1414852968
580233468
488589583
581918191
319726965
331463335
944361
7684007
12163974
17643204
140884166
10320333
117538976
10050180
12496698
50670358
8822683
77995555
15291231
36317365
